2024-10-18 14:52:30 0.0136594 -0.896833 1.23897 -0.377651 -7.85871 88.9529 40
2024-10-18 14:52:48 0.371544 -0.892484 1.20364 0.0760194 -7.57002 112.803 40
2024-10-18 14:52:56 0.632161 -0.663798 1.21174 -0.207545 -7.73566 126.786 40
2024-10-18 14:53:07 0.642659 -0.511045 1.2169 -0.10052 -7.47757 146.975 40
2024-10-18 14:53:15 1.12468 -0.227997 1.17284 -0.200699 -7.27904 160.535 40
2024-10-18 14:53:22 0.898485 0.12151 1.19358 0.135815 -7.30473 -177.148 40
2024-10-18 14:53:29 1.06908 0.468293 1.18698 -0.448385 -7.17026 -160.172 40
2024-10-18 14:53:36 0.678617 0.642961 1.18952 -0.700029 -7.00774 -139.906 40
2024-10-18 14:53:44 0.508301 0.847699 1.20164 -0.539385 -7.08441 -123.898 40
2024-10-18 14:53:52 0.208042 1.09339 1.17944 -0.424305 -6.77779 -98.0332 40
2024-10-18 14:53:59 -0.44269 0.896073 1.1999 0.0300229 -6.51247 -68.6821 40
2024-10-18 14:54:05 -0.656923 0.770989 1.19653 -0.477813 -6.7332 -51.0467 40
2024-10-18 14:54:15 -0.901325 0.513767 1.17619 -0.273822 -6.92157 -35.665 40
2024-10-18 14:54:22 -0.961565 0.189136 1.20696 -0.215336 -6.96718 -20.1067 40
2024-10-18 14:54:28 -1.04148 -0.103926 1.19267 -0.516251 -6.81966 0.666168 40
2024-10-18 14:54:36 -0.925593 -0.424934 1.18232 -0.541901 -6.49975 17.8915 40
2024-10-18 14:54:42 -0.748268 -0.568259 1.2187 -0.224942 -6.73136 33.8602 40
2024-10-18 14:54:50 -0.535728 -0.859945 1.16733 -0.0873733 -6.59845 55.8778 40
2024-10-18 14:54:57 -0.341433 -0.981458 1.19603 0.23782 -6.43815 71.7709 40
2024-10-18 14:55:01 -0.306617 -0.925312 1.1933 0.121545 -6.56729 72.1751 40
