0.6355936481812444 0.6075382146946431 1.14599739116861 -0.700029 0.5758235646740244 -2.441820343295187
0.6355936481812444 0.6075382146946431 1.172998695584305 -0.700029 0.5758235646740244 -2.441820343295187
0.6355936481812444 0.6075382146946431 1.2 -0.700029 0.5758235646740244 -2.441820343295187
0.6355936481812444 0.6075382146946431 1.2 -0.700029 0.5758235646740244 -2.441820343295187
-0.0927671514819638 0.48599803019125465 1.2 -0.700029 0.5758235646740244 -2.441820343295187
-0.8211279511451721 0.3644578456878662 1.2 -0.700029 0.5758235646740244 -2.441820343295187
-0.8211279511451721 0.3644578456878662 1.2 -0.700029 0.5758235646740244 -2.441820343295187
-0.8211279511451721 0.3644578456878662 1.3 -0.700029 0.4081524664134215 -1.6286870594540486
-0.8211279511451721 0.3644578456878662 1.4 -0.700029 0.24048136815281862 -0.8155537756129105
-0.8211279511451721 0.3644578456878662 1.5 -0.700029 0.07281026989221573 -0.002420491771772504
