0.5986069610401848 -0.6186200820360669 1.1689254908012794 -0.207545 0.5631189639829072 2.212833145433531
0.5986069610401848 -0.6186200820360669 1.1844627454006398 -0.207545 0.5631189639829072 2.212833145433531
0.5986069610401848 -0.6186200820360669 1.2 -0.207545 0.5631189639829072 2.212833145433531
0.5986069610401848 -0.6186200820360669 1.2 -0.207545 0.5631189639829072 2.212833145433531
0.0014931942365993267 -0.47778203303387207 1.2 -0.207545 0.5631189639829072 2.212833145433531
-0.5956205725669861 -0.33694398403167725 1.2 -0.207545 0.5631189639829072 2.212833145433531
-0.5956205725669861 -0.33694398403167725 1.2 -0.207545 0.5631189639829072 2.212833145433531
-0.5956205725669861 -0.33694398403167725 1.3 -0.207545 0.4387068000410976 1.4771535340916717
-0.5956205725669861 -0.33694398403167725 1.4 -0.207545 0.314294636099288 0.7414739227498126
-0.5956205725669861 -0.33694398403167725 1.5 -0.207545 0.18988247215747833 0.005794311407953501
