1.0720030576468398 -0.20919356263041725 1.1295783485357989 -0.200699 0.5710884864133637 2.8018643146890967
1.0720030576468398 -0.20919356263041725 1.1647891742678995 -0.200699 0.5710884864133637 2.8018643146890967
1.0720030576468398 -0.20919356263041725 1.2 -0.200699 0.5710884864133637 2.8018643146890967
1.0720030576468398 -0.20919356263041725 1.2 -0.200699 0.5710884864133637 2.8018643146890967
0.19490158113245615 -0.19265700388133639 1.2 -0.200699 0.5710884864133637 2.8018643146890967
-0.6821998953819275 -0.17612044513225555 1.2 -0.200699 0.5710884864133637 2.8018643146890967
-0.6821998953819275 -0.17612044513225555 1.2 -0.200699 0.5710884864133637 2.8018643146890967
-0.6821998953819275 -0.17612044513225555 1.3 -0.200699 0.4346733944284943 2.1305238926502446
-0.6821998953819275 -0.17612044513225555 1.4 -0.200699 0.2982583024436249 1.4591834706113924
-0.6821998953819275 -0.17612044513225555 1.5 -0.200699 0.1618432104587555 0.7878430485725403
