1.016408617312859 0.4497169988430984 1.1436134503696278 -0.448385 0.5729870555736832 -2.7955287695043576
1.016408617312859 0.4497169988430984 1.1718067251848139 -0.448385 0.5729870555736832 -2.7955287695043576
1.016408617312859 0.4497169988430984 1.2 -0.448385 0.5729870555736832 -2.7955287695043576
1.016408617312859 0.4497169988430984 1.2 -0.448385 0.5729870555736832 -2.7955287695043576
0.28742265453693794 -0.15058159147314992 1.2 -0.448385 0.5729870555736832 -2.7955287695043576
-0.44156330823898315 -0.7508801817893982 1.2 -0.448385 0.5729870555736832 -2.7955287695043576
-0.44156330823898315 -0.7508801817893982 1.2 -0.448385 0.5729870555736832 -2.7955287695043576
-0.44156330823898315 -0.7508801817893982 1.3 -0.448385 0.4718127189701274 -1.6650431354915627
-0.44156330823898315 -0.7508801817893982 1.4 -0.448385 0.37063838236657154 -0.5345575014787678
-0.44156330823898315 -0.7508801817893982 1.5 -0.448385 0.26946404576301575 0.5959281325340271
