0.8426086948981915 0.11860768964489715 1.1503432665113071 0.135815 0.5706401113285264 -3.091815863322915
0.8426086948981915 0.11860768964489715 1.1751716332556534 0.135815 0.5706401113285264 -3.091815863322915
0.8426086948981915 0.11860768964489715 1.2 0.135815 0.5706401113285264 -3.091815863322915
0.8426086948981915 0.11860768964489715 1.2 0.135815 0.5706401113285264 -3.091815863322915
0.24354739718988705 -0.350349103557068 1.2 0.135815 0.5706401113285264 -3.091815863322915
-0.35551390051841736 -0.8193058967590332 1.2 0.135815 0.5706401113285264 -3.091815863322915
-0.35551390051841736 -0.8193058967590332 1.2 0.135815 0.5706401113285264 -3.091815863322915
-0.35551390051841736 -0.8193058967590332 1.3 0.135815 0.4609942597557201 -1.9152469265935828
-0.35551390051841736 -0.8193058967590332 1.4 0.135815 0.3513484081829138 -0.7386779898642506
-0.35551390051841736 -0.8193058967590332 1.5 0.135815 0.24170255661010742 0.4378909468650818
