0.5956860797041174 -0.48040665711530894 1.1738321848225761 -0.10052 0.5676234842493795 2.5651976681186657
0.5956860797041174 -0.48040665711530894 1.186916092411288 -0.10052 0.5676234842493795 2.5651976681186657
0.5956860797041174 -0.48040665711530894 1.2 -0.10052 0.5676234842493795 2.5651976681186657
0.5956860797041174 -0.48040665711530894 1.2 -0.10052 0.5676234842493795 2.5651976681186657
-0.12894314445885435 -0.17711827916686163 1.2 -0.10052 0.5676234842493795 2.5651976681186657
-0.8535723686218262 0.1261700987815857 1.2 -0.10052 0.5676234842493795 2.5651976681186657
-0.8535723686218262 0.1261700987815857 1.2 -0.10052 0.5676234842493795 2.5651976681186657
-0.8535723686218262 0.1261700987815857 1.3 -0.10052 0.4697782815267419 1.7462331795979806
-0.8535723686218262 0.1261700987815857 1.4 -0.10052 0.3719330788041043 0.9272686910772954
-0.8535723686218262 0.1261700987815857 1.5 -0.10052 0.2740878760814667 0.10830420255661011
