0.47679834956548744 0.8016585445071426 1.1581904951281246 -0.539385 0.5744854207365203 -2.1624280366359345
0.47679834956548744 0.8016585445071426 1.1790952475640624 -0.539385 0.5744854207365203 -2.1624280366359345
0.47679834956548744 0.8016585445071426 1.2 -0.539385 0.5744854207365203 -2.1624280366359345
0.47679834956548744 0.8016585445071426 1.2 -0.539385 0.5744854207365203 -2.1624280366359345
-0.2211156219511125 0.535685958249627 1.2 -0.539385 0.5744854207365203 -2.1624280366359345
-0.9190295934677124 0.2697133719921112 1.2 -0.539385 0.5744854207365203 -2.1624280366359345
-0.9190295934677124 0.2697133719921112 1.2 -0.539385 0.5744854207365203 -2.1624280366359345
-0.9190295934677124 0.2697133719921112 1.3 -0.539385 0.5195069310087951 -1.5407144826689159
-0.9190295934677124 0.2697133719921112 1.4 -0.539385 0.4645284412810699 -0.9190009287018972
-0.9190295934677124 0.2697133719921112 1.5 -0.539385 0.4095499515533447 -0.29728737473487854
